action_noise_standard_deviation: 0.3915555213301735
cross_or_mutate_proportion: 0.6876355496104026
cross_over_method: 0
number_of_actions_mutated_mean: 86
number_of_actions_mutated_standard_deviation: 146.9723703064352
survival_rate: 0.7513302847262083
