action_noise_standard_deviation: 0.04159432891288652
number_of_actions_mutated_mean: 45
number_of_actions_mutated_standard_deviation: 9.358624266433049
population_size: 33
survival_rate: 0.22191145852435956
