action_noise_standard_deviation: 0.05590195176650309
cross_over_method: 0
number_of_actions_mutated_mean: 58
number_of_actions_mutated_standard_deviation: 23.53831090552306
patience: 16
population_size: 73
survival_rate: 0.45965048992064544
