action_noise_standard_deviation: 0.23355780355369765
cross_over_method: 1
number_of_actions_mutated_mean: 23
number_of_actions_mutated_standard_deviation: 33.14527632728297
patience: 12
population_size: 46
survival_rate: 0.24383636816094253
