action_noise_standard_deviation: 0.05445148726900627
cross_or_mutate: 0.47824458167221046
cross_over_method: 0
number_of_actions_mutated_mean: 22
number_of_actions_mutated_standard_deviation: 33.34490815527347
random_offspring: 0.14669181316905897
survival_rate: 0.4673137849809057
