action_noise_standard_deviation: 0.1408979865404354
cross_or_mutate: 0.9557229786778892
cross_over_method: 0
number_of_actions_mutated_mean: 44
number_of_actions_mutated_standard_deviation: 28.270801804004353
random_offspring: 0.0
survival_rate: 0.23279699300625897
