Pond:
  action_noise_standard_deviation: 0.11822730227050642
  cross_or_mutate: 0.42734777287084125
  cross_over_method: 0
  number_of_actions_mutated_mean: 39
  number_of_actions_mutated_standard_deviation: 29.96746639877814
  random_offspring: 0.2993129916229717
  survival_rate: 0.2142197353626054

River:
  action_noise_standard_deviation: 0.04901408757098812
  cross_or_mutate: 0.8819401127590026
  cross_over_method: 1
  number_of_actions_mutated_mean: 190
  number_of_actions_mutated_standard_deviation: 47.24430800420633
  random_offspring: 0.08184374586821574
  survival_rate: 0.10080762740198412
  
Grass:
  action_noise_standard_deviation: 0.04455984117444022
  cross_or_mutate: 0.996790451939592
  cross_over_method: 1
  number_of_actions_mutated_mean: 73
  number_of_actions_mutated_standard_deviation: 196.90309964811013
  random_offspring: 0.11717353542853008
  survival_rate: 0.47759311228947277
