action_noise_standard_deviation: 0.04901408757098812
cross_or_mutate: 0.8819401127590026
cross_over_method: 1
number_of_actions_mutated_mean: 190
number_of_actions_mutated_standard_deviation: 47.24430800420633
random_offspring: 0.08184374586821574
survival_rate: 0.10080762740198412
