action_noise_standard_deviation: 0.10866219964582192
cross_or_mutate: 0.9930062281842377
cross_over_method: 1
number_of_actions_mutated_mean: 79
number_of_actions_mutated_standard_deviation: 111.72306586099819
random_offspring: 0.0
survival_rate: 0.413321745828675
