action_noise_standard_deviation: 0.2610564171254962
cross_or_mutate: 0.7606388173980303
cross_over_method: 1
number_of_actions_mutated_mean: 22
number_of_actions_mutated_standard_deviation: 8.246627384702897
random_offspring: 0.0
survival_rate: 0.415681111735258
