action_noise_standard_deviation: 0.49367444705620867
cross_or_mutate: 0.8241252239861393
cross_over_method: 1
number_of_actions_mutated_mean: 23
number_of_actions_mutated_standard_deviation: 0.5458185899580457
random_offspring: 0.0
survival_rate: 0.1860638077839209
