action_noise_standard_deviation: 0.04455984117444022
cross_or_mutate: 0.996790451939592
cross_over_method: 1
number_of_actions_mutated_mean: 73
number_of_actions_mutated_standard_deviation: 196.90309964811013
random_offspring: 0.11717353542853008
survival_rate: 0.47759311228947277
