action_noise_standard_deviation: 0.06506279583360368
cross_or_mutate: 0.8120574882833455
cross_over_method: 0
number_of_actions_mutated_mean: 20
number_of_actions_mutated_standard_deviation: 109.6691639363353
random_offspring: 0.04191490375038613
survival_rate: 0.3111683474201879
