action_noise_standard_deviation: 0.040730158947644174
cross_or_mutate: 0.8414895769827455
cross_over_method: 1
number_of_actions_mutated_mean: 132
number_of_actions_mutated_standard_deviation: 56.066697708868574
random_offspring: 0.0
survival_rate: 0.32445986075378275
