action_noise_standard_deviation: 0.059572346731251904
cross_or_mutate: 0.8070207901270218
cross_over_method: 1
number_of_actions_mutated_mean: 133
number_of_actions_mutated_standard_deviation: 116.01255862644553
random_offspring: 0.0
survival_rate: 0.2984722159448695
