action_noise_standard_deviation: 0.7068304288041174
cross_over_method: 1
number_of_actions_mutated_mean: 20
number_of_actions_mutated_standard_deviation: 42.17449034846483
patience: 30
population_size: 37
survival_rate: 0.0567910193417169
