batch_size: 256
clip_range: 0.14080265495090685
ent_coef: 0.033772484701476084
episodes: 1000
eval_freq: 20000
gae_lambda: 0.8578469375753629
gamma: 0.9774294679135253
learning_rate: 5.408690155015656e-05
max_grad_norm: 0.8553408424045448
n_envs: 1
n_epochs: 15
n_steps: 512
patience_evals: 50
vf_coef: 0.735568753702617
